-1.26 21.27 26
7.96 -20.77 14
6.99 -9.96 9
-15.91 3.33 17
23.31 4.27 2
-14.09 7.91 17
21.36 5.29 22
-2.95 -21.07 1
-5.26 1.18 10
-5.48 8.08 10
11.22 16.92 23
3.01 -11.99 9
-2.41 -4.85 18
-23.26 -1.91 15
24.46 2.66 2
-1.40 -15.86 11
17.17 -2.39 3
5.62 -12.93 9
-2.85 -14.29 11
-13.77 8.85 17
6.44 19.48 13
0.03 -10.34 12
-8.09 -8.81 21
-19.19 -4.52 16
17.54 4.63 7
6.11 -5.46 0
21.33 8.11 22
4.78 -5.18 0
0.44 -7.38 12
-14.53 9.43 17
0.24 26.59 26
-13.63 7.37 17
-5.02 -3.60 18
-6.03 -11.22 21
18.01 3.47 7
-3.19 -9.59 12
6.13 15.90 23
-13.37 9.99 17
-0.02 -11.68 11
-20.74 12.82 19
-4.39 -10.77 21
25.05 0.77 25
2.82 -9.29 12
5.66 -10.37 9
-3.56 -18.92 1
-20.85 3.08 15
3.01 -11.39 9
1.64 -10.74 12
5.02 20.77 13
3.94 20.88 13
0.98 -6.80 12
6.27 -7.26 9
6.90 -13.32 9
1.67 -9.99 12
10.71 -9.21 9
10.32 13.99 23
3.25 -9.59 12
6.66 -11.72 9
22.43 10.56 22
-19.41 -8.14 16
-23.57 3.62 15
4.77 -11.74 9
-23.89 0.59 15
-21.56 -8.82 16
28.18 7.43 2
21.39 11.18 22
21.36 8.29 22
14.77 17.14 23
19.45 -4.41 3
-7.71 -19.19 1
7.91 -10.86 9
-6.15 -5.71 5
6.31 20.10 13
-18.42 11.80 20
-1.28 0.97 18
2.99 -9.24 12
2.75 -11.29 9
6.56 -13.93 9
-3.43 22.84 26
-1.26 23.80 26
0.19 -15.57 11
1.34 -19.62 8
21.70 7.18 22
-20.24 -5.36 16
-3.73 -2.33 18
7.50 -20.86 14
6.52 -3.71 0
18.20 -13.21 28
22.07 2.24 25
-24.10 -1.81 15
3.14 -14.10 11
-20.61 -14.86 16
-20.18 12.00 19
12.56 -20.24 14
-0.16 -17.46 8
20.14 -4.68 3
3.12 -10.38 12
22.57 0.69 25
-24.69 -5.22 15
19.92 -19.20 28
22.77 4.99 22
8.56 23.52 13
-0.01 -3.91 18
-14.34 -23.07 24
24.50 1.27 25
-16.44 11.55 20
18.07 -1.41 3
-0.79 -9.23 12
3.68 -11.34 9
0.86 -7.07 12
16.83 -1.39 3
18.75 2.69 7
2.37 -17.66 8
-2.00 -10.53 11
3.61 -11.31 9
2.84 -7.49 12
-4.98 -4.54 18
-3.19 -16.20 1
0.29 -15.95 11
-11.93 11.52 20
-3.32 -3.67 18
16.71 -12.12 28
0.05 -18.77 8
-3.65 -14.98 11
24.51 1.22 25
-16.19 -0.52 15
7.65 21.09 13
1.77 -10.77 12
-15.35 13.88 20
4.32 -15.59 8
2.02 24.14 13
-3.91 3.83 10
-8.44 -7.62 21
-19.63 -12.00 16
18.42 -14.95 28
-0.99 -13.18 11
14.56 17.15 23
1.07 -17.98 8
1.21 -5.26 12
-18.30 14.03 20
3.56 21.53 13
2.80 -7.27 12
-10.03 -11.59 21
-26.95 0.82 15
22.42 -10.87 28
-4.35 -17.56 1
18.01 10.40 4
4.87 -20.40 8
4.21 -0.22 0
-18.43 11.88 20
8.08 22.28 13
-2.23 -2.52 18
-12.03 -14.19 21
-16.93 -8.00 16
19.64 -12.42 28
6.28 -2.24 0
20.02 6.83 22
3.86 -19.63 8
7.17 -12.27 9
-16.20 11.62 20
6.02 20.84 13
-12.96 8.28 17
1.56 -15.38 11
5.05 -10.99 9
18.20 15.43 4
2.42 -10.29 12
4.29 22.58 13
-14.51 12.32 20
3.65 -6.80 12
-16.94 12.66 20
4.05 -12.54 9
25.34 -12.59 28
-2.31 -3.41 18
0.13 -20.01 8
-2.23 -19.54 1
-21.54 -8.63 16
-2.48 -9.62 12
-1.92 3.65 10
2.81 24.27 13
10.78 16.17 23
-9.58 -9.77 21
-9.73 -12.54 21
0.77 -22.19 8
-5.09 -0.97 18
0.24 -4.68 12
10.66 21.46 23
2.07 -7.39 12
-3.24 -8.90 12
15.70 13.27 4
-26.07 3.51 15
-19.14 -2.19 15
8.92 -21.08 14
-21.88 2.28 15
-23.03 -2.41 15
20.38 -10.45 28
23.70 5.47 22
18.44 13.38 4
18.90 16.66 4
21.10 -12.78 28
-10.30 10.45 17
7.21 -9.87 9
-0.14 -12.38 11
5.71 24.43 13
-14.94 5.34 17
2.90 -4.03 0
-8.98 -12.28 21
-0.08 -14.78 11
-5.40 -12.56 21
14.80 16.28 4
11.31 20.64 23
1.44 -5.46 12
1.13 -23.62 8
17.33 15.88 4
-20.45 -6.70 16
-5.26 -9.30 21
1.08 -10.68 12
5.72 -19.76 8
-18.30 -9.53 16
-1.63 -0.24 18
-19.84 -8.78 16
-14.05 5.21 17
7.58 -10.89 9
-1.65 -21.76 1
19.47 2.26 7
1.79 2.97 10
26.25 -11.81 28
-17.85 -9.14 16
3.92 -11.01 9
24.85 -13.10 28
0.14 25.08 26
-0.30 -11.02 11
-13.52 -9.03 16
17.48 13.75 4
-13.94 9.54 17
9.93 21.58 23
9.53 -9.76 9
-0.20 -20.88 8
7.70 -8.71 9
20.80 -12.87 28
22.26 -15.99 28
5.52 -20.47 8
1.49 1.40 18
5.42 -15.77 8
-1.32 -0.53 18
-4.27 -12.12 11
4.46 -11.03 9
3.17 -12.79 11
17.55 -8.22 3
1.36 -7.55 12
-0.37 -8.03 12
22.70 -13.28 28
-8.97 12.69 6
7.96 23.21 13
-1.76 -2.88 18
-4.06 8.40 10
5.27 -5.36 0
5.65 18.79 13
10.85 -21.26 14
-10.63 -4.29 5
-19.47 3.34 15
20.92 -1.59 25
-11.58 11.23 20
14.57 15.62 4
-5.70 -22.35 1
-6.67 1.70 10
-7.94 -8.73 21
3.15 20.83 13
8.77 -18.58 14
-10.76 -6.62 5
-15.67 -1.23 5
26.45 -3.94 25
-6.21 -17.51 1
18.38 15.16 4
1.07 -17.77 8
1.75 -9.22 12
-4.31 -17.07 1
0.65 20.82 13
13.43 -18.02 14
-13.27 -5.22 5
-22.50 0.82 15
23.40 -1.02 25
-8.89 1.57 5
14.97 15.32 4
7.50 -14.39 9
7.06 -7.67 9
-23.42 8.73 19
5.82 18.50 13
-17.35 10.65 20
-7.50 5.15 10
-7.04 12.80 6
17.76 10.05 4
-8.55 14.44 6
-3.16 18.97 26
-15.14 6.69 17
-2.65 -1.77 18
-16.04 13.87 20
-1.09 -1.75 18
27.57 4.13 2
14.17 -18.81 14
-4.23 -17.73 1
1.35 -13.72 11
-20.54 0.04 15
-7.08 1.42 10
9.72 -16.84 14
3.66 20.54 13
-0.62 24.85 26
-12.37 -1.53 5
-10.07 -5.36 5
-5.25 -19.55 1
-8.13 4.39 10
-13.28 -8.86 16
1.11 21.34 13
5.59 -11.56 9
-12.36 -3.60 5
5.50 13.62 23
-16.32 -3.37 16
-20.75 -1.93 15
1.89 -16.65 8
-25.42 0.55 15
-20.43 -1.71 15
28.89 2.74 2
14.12 16.93 23
14.67 14.97 4
19.18 11.19 4
25.97 2.57 2
-3.23 -11.35 11
11.39 -20.41 14
5.33 1.09 0
1.98 20.73 13
-6.92 -13.63 21
-5.50 2.77 10
-15.54 -7.83 16
-4.80 4.52 10
-15.04 -3.74 5
3.44 24.58 13
0.52 18.00 13
8.28 -25.34 27
2.64 -14.25 11
20.56 5.27 7
-20.47 -0.58 15
-16.02 -6.29 16
6.88 -20.62 14
0.96 -14.20 11
26.41 -4.16 25
13.96 16.81 23
-25.22 -2.73 15
10.93 -23.10 14
-15.98 -2.73 16
-7.23 -6.07 5
10.13 -20.74 14
-1.98 -17.41 1
17.35 11.24 4
1.94 -4.45 12
30.40 7.81 2
-10.43 1.05 5
3.47 -25.26 27
20.69 -6.39 3
1.19 20.31 13
-10.21 11.64 6
-22.37 3.87 15
17.11 17.60 4
-7.89 -13.31 21
14.96 15.66 4
15.21 -12.60 28
4.37 -17.02 8
-7.86 -1.30 5
29.47 9.38 22
28.10 -0.71 25
0.15 -16.00 11
-13.71 -5.06 5
-7.03 1.15 10
-11.44 -6.76 5
-12.94 -11.10 21
-13.46 11.42 20
5.18 -11.91 9
0.81 -0.98 18
-2.19 -13.94 11
28.85 1.68 2
-6.87 8.28 6
-4.93 1.73 10
26.84 -1.23 25
2.29 7.59 10
2.48 24.06 13
3.42 -11.96 9
-0.10 -8.26 12
-23.69 -1.83 15
-5.28 25.00 26
-6.06 2.43 10
-7.64 -11.21 21
-21.29 1.75 15
17.78 -3.77 3
-10.19 -2.93 5
20.82 10.95 22
2.55 -8.56 12
0.14 -1.07 18
-19.39 9.70 19
-0.79 24.95 26
2.51 -10.46 12
-7.15 -1.89 5
-17.38 8.31 17
21.99 -9.72 28
-1.52 -8.06 12
14.06 8.07 7
3.38 -5.47 12
-3.76 -8.22 12
-13.67 11.03 20
4.54 24.04 13
4.50 -8.46 9
-6.07 -5.92 5
-9.30 13.63 6
22.10 -8.12 3
-0.43 -5.94 12
16.16 10.17 4
6.25 -4.70 0
5.09 6.87 10
-14.63 11.36 20
7.51 16.99 23
-10.66 10.80 17
-15.22 1.13 17
-3.45 0.50 18
10.03 11.12 23
-12.27 5.25 17
-2.66 22.56 26
-13.24 10.23 17
-4.83 1.53 10
-20.69 11.77 19
-5.49 -1.86 18
19.18 -6.37 3
-1.31 -3.42 18
7.20 -1.92 0
-4.35 -16.60 1
-20.67 6.62 19
-1.57 -4.43 18
1.51 -7.79 12
2.81 26.52 13
5.37 21.46 13
-10.40 -6.22 5
-11.65 -8.53 21
2.53 -7.11 12
-7.02 2.62 10
-12.46 -5.14 5
-5.40 26.16 26
-0.25 -3.36 18
-11.76 -1.97 5
11.16 7.33 7
-14.19 4.55 17
-11.39 9.72 17
6.18 -0.64 0
-13.91 9.68 17
-12.83 9.18 17
22.58 -4.81 25
19.40 12.78 4
16.82 8.04 7
17.60 11.91 4
20.22 -6.14 3
-21.10 10.88 19
-0.47 -8.07 12
-5.33 6.14 10
2.17 18.85 13
-11.95 7.04 17
-5.79 0.20 18
-5.58 -9.90 21
-6.84 -3.52 5
-9.01 -8.39 21
-0.90 23.85 26
0.09 27.08 26
6.42 -12.74 9
8.84 0.69 0
21.07 9.40 22
-13.56 8.27 17
-6.03 -2.88 18
12.66 -12.08 28
-5.28 -14.13 11
17.35 1.06 7
13.59 10.93 4
-12.82 8.03 17
-0.34 -10.61 12
-15.96 3.85 17
-11.81 8.90 17
1.41 -11.22 11
-1.55 -2.29 18
12.78 13.26 23
-2.30 9.16 10
21.29 -4.47 3
-15.18 3.44 17
1.32 -5.85 12
20.79 -7.14 3
2.86 22.43 13
-7.05 -3.15 5
-12.04 6.38 17
20.86 11.23 22
-6.60 10.80 6
21.14 -3.91 3
2.27 -3.64 12
4.83 -6.23 0
-5.03 -2.07 18
14.94 -3.37 3
21.58 -4.09 3
2.87 -2.32 0
-6.51 -4.13 5
-1.48 8.15 10
-11.14 -6.83 5
3.07 -9.82 12
0.50 -9.89 12
-1.39 -11.22 11
-11.08 13.29 20
8.45 -1.39 0
20.32 -1.85 3
-2.53 -4.04 18
0.60 -9.41 12
19.01 -9.50 28
-12.84 9.46 17
0.61 22.33 26
-5.93 8.75 6
-14.73 12.65 20
-7.94 -2.25 5
-3.52 24.01 26
-0.88 -5.65 12
-3.12 -3.82 18
-13.99 13.46 20
19.37 -6.43 3
-1.96 6.28 10
14.00 12.26 4
-5.83 -18.47 1
3.55 -7.98 12
-7.95 9.95 6
0.13 21.95 26
-0.22 -4.00 18
-5.14 -7.46 21
-19.23 6.43 19
11.84 -7.64 9
-10.00 14.46 6
12.62 14.61 23
-7.22 -22.23 1
3.84 -2.86 0
-8.67 14.06 6
-6.47 18.30 6
1.62 -6.45 12
-8.19 -3.00 5
-12.07 2.28 17
22.32 -1.33 25
-13.65 10.91 20
13.10 17.26 23
-2.46 -16.00 11
-3.83 -2.18 18
-13.67 9.33 17
0.21 22.18 26
-6.09 -4.82 5
-11.89 2.32 17
-11.30 14.41 20
14.08 11.73 4
-11.53 11.77 20
-6.24 23.16 26
-19.45 12.57 20
6.02 -1.62 0
-8.38 6.20 17
0.33 -5.75 12
19.17 -2.81 3
7.42 -3.64 0
3.77 -16.61 8
-4.31 -20.19 1
-17.91 5.68 17
-13.31 12.16 20
11.96 -2.82 0
-2.51 24.69 26
-4.97 29.19 26
-10.33 -8.23 21
-4.99 -5.28 18
-5.74 -16.64 1
3.22 0.23 0
-12.71 -5.46 5
3.65 21.21 13
9.68 -2.93 0
-6.29 -5.75 5
12.96 8.22 7
-15.10 7.96 17
-19.61 10.28 19
-1.39 -19.31 8
-10.96 7.78 17
-11.77 6.72 17
24.74 -2.54 25
12.77 15.17 23
18.36 12.40 4
12.48 16.08 23
14.67 -9.16 28
-14.00 13.98 20
12.10 -1.10 0
-8.41 7.44 17
1.72 18.90 13
-19.14 10.21 19
-7.97 13.55 6
-10.53 -4.20 5
1.05 -1.18 18
-12.95 -2.86 5
-8.63 18.05 6
-1.73 20.17 26
8.26 -5.30 0
-5.48 -20.93 1
14.41 12.42 4
-14.22 5.80 17
-3.24 -0.15 18
4.97 -4.73 0
-2.09 -20.90 1
16.85 -6.48 3
17.71 6.11 7
-9.38 1.22 5
8.95 -1.76 0
-8.25 4.52 10
-10.22 14.70 6
0.43 -9.30 12
2.68 -19.36 8
16.35 14.41 4
2.34 -6.22 12
18.55 -2.04 3
-19.46 4.32 15
7.91 -11.54 9
19.83 -3.56 3
-8.72 19.22 6
-11.48 17.15 20
-16.96 6.48 17
17.49 12.61 4
-9.19 11.31 6
14.50 13.93 4
-0.20 -6.26 12
-4.63 -20.41 1
-10.62 6.57 17
15.66 0.24 7
24.39 -0.83 25
-2.96 -17.47 1
-7.64 -8.76 21
6.52 -2.38 0
-18.97 -9.24 16
-7.41 -5.11 5
-1.82 2.55 10
-6.38 -22.22 1
-20.82 12.35 19
-12.22 13.23 20
12.41 -6.25 3
2.10 -1.55 18
3.65 -10.38 9
15.06 -4.33 3
-18.44 16.36 20
-2.94 24.66 26
2.43 -6.71 12
-13.79 11.45 20
5.72 -6.56 0
3.12 23.42 13
10.30 -26.09 27
-11.27 -5.61 5
-15.87 -1.45 5
23.26 -10.44 28
4.45 1.62 0
16.79 12.71 4
-1.58 -17.67 8
-5.90 1.22 10
2.37 2.54 10
-0.91 11.52 6
13.70 -16.00 14
-10.57 -2.93 5
-18.63 7.78 19
27.16 -9.28 25
2.48 0.26 0
19.30 13.88 4
2.13 -18.91 8
-1.26 3.81 10
7.59 1.64 0
7.55 21.13 13
18.14 -11.14 28
-14.47 -2.79 5
-14.60 -3.25 5
17.06 -3.71 3
0.78 -2.68 18
17.32 13.77 4
4.02 -12.87 9
-3.24 3.49 10
1.74 7.27 10
4.94 19.35 13
10.32 3.06 7
18.23 3.16 7
6.30 -13.63 9
20.27 18.19 4
8.41 -8.10 9
-0.06 25.01 26
0.99 -4.46 12
-3.63 -2.53 18
8.48 1.29 0
-3.68 0.10 18
18.36 -10.62 28
10.25 -22.21 14
14.61 -7.23 3
7.98 -8.37 9
-11.73 6.72 17
4.42 -9.68 9
10.37 -19.54 14
7.69 22.41 13
-0.04 13.20 6
-15.09 -5.90 16
-10.97 -8.20 21
4.13 -16.21 8
-0.53 -6.23 12
-10.10 -8.45 21
14.57 9.41 7
0.57 -24.21 8
-9.73 -3.09 5
11.86 18.12 23
-24.38 6.56 19
-21.92 -0.10 15
0.56 -17.04 8
-24.34 6.38 19
-23.38 -4.10 15
15.73 -5.91 3
15.43 14.77 4
17.54 8.71 7
15.20 15.79 4
22.36 -6.70 3
5.30 -0.30 0
15.15 -14.17 28
9.72 6.00 7
8.41 20.05 13
5.22 -3.09 0
11.51 1.84 7
-13.59 -9.86 16
-3.39 1.78 10
-6.13 -5.60 5
5.75 17.81 13
3.88 23.17 13
0.66 -26.31 27
3.78 -13.54 9
17.95 15.65 4
-20.92 2.18 15
-9.76 1.37 5
8.04 -14.94 9
9.78 -9.91 9
25.19 -6.75 25
19.94 8.79 22
-21.28 4.76 15
9.89 -16.90 14
-5.16 -3.67 18
1.04 2.56 10
13.84 -18.48 14
7.72 -14.60 9
15.20 16.86 4
0.35 -8.66 12
19.53 -5.60 3
-9.66 -0.17 5
14.80 -17.53 14
7.76 -11.81 9
4.22 22.60 13
-3.65 6.84 10
-16.82 -8.99 16
23.09 10.53 22
9.84 -2.77 0
18.23 8.14 7
10.74 -22.24 14
5.71 -12.49 9
0.98 -11.11 11
14.95 -0.67 3
16.00 -9.87 28
12.70 -8.23 3
-13.84 -9.82 16
10.13 -9.45 9
-13.32 -7.43 16
-12.40 -8.59 21
7.86 -8.36 9
-2.39 -19.88 1
9.21 -0.35 0
3.85 -0.18 0
23.41 2.57 2
-2.68 4.84 10
7.23 -4.73 0
13.81 -11.33 28
1.62 3.61 10
3.37 17.29 13
-1.00 4.70 10
8.34 -11.09 9
3.55 -3.61 0
-3.26 19.71 26
2.51 -26.79 27
-11.55 -8.67 21
-5.39 2.00 10
28.22 3.12 2
-3.82 -19.82 1
9.08 21.02 13
-2.34 -16.21 11
4.30 0.97 0
-19.50 13.92 20
-4.09 26.52 26
-2.51 -20.44 1
-13.54 -9.74 16
-21.08 -1.63 15
29.81 -4.17 25
-1.47 -8.18 12
8.06 19.79 13
-2.89 -21.30 1
8.31 -3.83 0
-8.89 14.90 6
4.27 18.07 13
4.19 -26.28 27
-9.86 -4.88 5
-22.17 1.73 15
25.74 2.47 2
-1.35 -10.51 11
14.57 11.39 4
-6.83 -22.78 1
10.32 -8.00 9
-11.34 13.61 20
3.93 25.28 13
-16.51 15.52 20
-7.81 -21.75 1
8.23 -12.30 9
11.17 18.49 23
-4.47 -21.52 1
3.57 23.55 13
-11.05 9.12 17
-5.76 1.44 10
-17.70 14.58 20
-5.56 3.31 10
28.95 3.14 2
12.40 -9.47 9
-8.15 -18.07 1
-3.14 -17.06 1
-20.49 0.23 15
-1.30 -16.42 11
7.54 -18.94 14
1.80 17.80 13
5.36 17.28 13
-12.58 -11.88 21
-0.17 5.95 10
2.80 -16.46 8
0.98 5.02 10
-9.38 -6.72 5
3.66 21.72 13
-0.03 -3.03 18
-7.42 -8.84 21
20.48 6.27 22
-13.84 -6.59 16
-12.34 -5.80 5
-7.40 -20.61 1
-18.69 -1.55 15
-16.32 -7.04 16
26.98 -0.91 25
19.68 12.76 4
13.87 15.07 4
11.25 17.27 23
28.86 -0.72 25
-16.60 16.67 20
0.84 -21.51 8
-2.99 -13.49 11
6.74 22.41 13
-12.51 11.08 20
-3.72 -17.09 1
-3.79 -3.84 18
-6.12 -6.86 21
-3.17 -1.97 18
11.65 13.13 23
-5.14 21.25 26
11.01 -12.80 9
-5.25 -18.70 1
19.00 18.40 4
-21.41 -0.47 15
-11.79 -12.31 21
9.33 -19.70 14
0.80 -17.36 8
25.29 13.65 22
11.08 17.44 23
-19.18 -0.90 15
10.33 -25.30 27
-21.47 1.23 15
-12.61 8.24 17
9.01 -22.51 14
-1.20 -21.26 8
13.28 17.03 23
2.00 -3.66 12
25.41 2.35 2
-13.95 1.64 17
5.72 -26.03 27
25.68 4.37 2
-2.87 22.76 26
-4.25 -14.61 11
-17.43 -1.72 15
18.84 2.37 7
-16.93 12.73 20
17.41 16.20 4
6.22 -26.12 27
-0.01 -18.59 8
1.67 -12.00 11
27.27 -0.56 25
28.76 -0.36 25
-2.31 -19.24 1
-4.09 -2.76 18
-1.59 -5.49 12
-7.39 -6.96 21
-13.43 -5.30 5
-9.30 -15.06 21
-7.84 -20.16 1
-14.80 13.82 20
-2.11 -12.94 11
29.56 3.93 2
-1.72 -3.54 18
0.15 7.71 10
26.43 9.50 22
-11.47 16.04 20
6.79 20.92 13
1.04 -4.35 12
-20.86 12.02 19
10.42 -6.83 9
2.91 -5.78 12
-12.27 -11.28 21
-19.26 9.03 19
28.23 9.63 22
-9.45 3.47 17
12.53 17.75 23
5.18 -8.55 9
-8.95 5.01 17
-19.55 10.89 19
-3.64 24.95 26
-1.88 -7.00 12
-7.05 1.10 10
-17.97 7.82 19
28.76 6.93 2
-13.14 13.58 20
15.77 17.16 4
-3.11 -13.93 11
-9.53 0.88 5
-20.11 13.93 20
-4.44 22.74 26
7.75 -5.24 0
-15.94 -11.07 16
-20.21 6.10 19
20.43 5.51 7
-13.17 13.61 20
10.33 15.98 23
0.34 -13.09 11
-7.20 3.90 10
-21.80 8.93 19
0.68 24.47 26
-24.95 13.18 19
-15.07 16.85 20
-13.83 12.69 20
15.31 16.46 4
-15.87 14.99 20
-6.44 22.79 26
-17.73 14.97 20
-11.40 5.16 17
-21.22 14.26 19
-6.50 -1.72 5
22.70 3.64 2
-7.89 0.97 5
3.52 -14.78 11
2.81 -12.75 11
-14.38 6.48 17
-14.67 17.85 20
-5.20 2.49 10
-14.02 -13.63 24
2.41 -12.67 11
-11.54 3.84 17
-13.13 -6.00 5
-4.59 22.96 26
-0.29 -0.10 18
-11.25 -10.81 21
9.67 17.12 23
-20.08 4.54 15
-19.65 8.10 19
0.56 -14.03 11
-13.93 10.81 20
-17.07 12.49 20
16.78 6.69 7
17.43 16.01 4
14.01 15.70 23
13.24 15.12 23
19.89 -0.14 3
-18.31 10.68 20
-5.08 -3.49 18
-14.36 11.31 20
-10.30 24.08 26
-21.04 10.02 19
-14.88 14.46 20
-16.30 -3.59 16
-8.74 6.15 17
-12.13 -10.50 21
-6.99 19.82 26
-7.19 23.95 26
-2.52 -2.36 18
-2.56 -17.74 1
10.64 16.60 23
-7.91 14.16 6
-11.97 -11.25 21
3.78 -4.56 0
21.65 14.01 4
19.93 8.22 22
-21.63 8.55 19
-1.97 -5.46 12
-12.77 10.26 17
-13.75 14.18 20
-2.20 -5.85 12
5.36 -14.12 9
16.56 11.85 4
-6.43 4.91 10
13.68 6.69 7
-17.16 4.15 17
-3.93 -1.43 18
22.45 -1.48 25
-4.14 23.01 26
-12.30 3.68 17
-17.41 12.17 20
15.68 16.12 4
-22.69 14.44 19
15.91 16.55 4
-0.37 -0.90 18
3.26 -12.34 9
-13.79 16.49 20
27.24 3.14 2
20.53 4.85 7
-1.45 -14.99 11
-12.20 -5.97 5
-7.81 7.41 17
-11.21 -7.31 21
-13.64 -11.25 16
-12.59 18.63 20
1.29 -14.24 11
-17.65 16.20 20
-16.83 12.77 20
13.62 -3.89 3
24.45 -2.85 25
-10.83 7.10 17
-12.36 20.10 20
-9.11 0.97 5
-21.18 10.51 19
-11.76 4.73 17
1.01 21.12 13
6.54 -15.94 9
-11.53 -4.25 5
-23.14 5.44 19
17.00 -1.86 3
1.74 -12.01 11
12.79 16.64 23
-5.36 -18.29 1
1.53 -3.92 12
-12.88 -0.96 5
3.76 26.31 13
8.85 -17.00 14
-8.67 -7.68 21
-23.39 5.35 19
14.49 1.05 7
-4.62 -10.56 21
11.12 19.38 23
-0.04 -16.00 11
-11.21 -15.33 24
-10.90 7.63 17
2.14 22.90 13
8.69 -24.76 27
-15.19 -3.07 5
-24.58 3.21 15
21.26 1.02 25
-4.03 6.21 10
17.20 12.43 4
-1.26 -14.46 11
-8.31 0.71 5
-12.30 7.38 17
-2.84 23.97 26
-7.92 -0.14 5
3.38 -4.79 12
1.26 -7.67 12
18.89 6.02 7
9.15 -10.92 9
7.12 25.65 13
-13.06 6.92 17
-4.52 -0.58 18
-8.56 4.91 17
-3.84 -6.49 12
16.47 6.66 7
9.16 -19.76 14
-4.96 -15.27 1
-3.03 -14.76 11
-24.18 2.59 15
-6.65 -1.00 5
12.57 -22.27 14
4.71 18.38 13
0.30 20.04 26
-5.55 -15.18 1
-9.45 -17.40 24
-15.50 -7.96 16
-5.09 27.38 26
17.16 -11.66 28
-14.28 -5.14 16
16.59 7.09 7
-31.17 8.26 19
-28.40 3.18 15
-3.81 -19.75 1
-28.86 7.51 19
-28.83 4.41 15
18.10 0.15 3
15.34 12.44 4
17.28 8.04 7
19.79 11.14 4
5.11 -7.81 9
-9.67 10.37 6
6.92 -25.26 27
3.77 0.82 0
-3.31 22.17 26
-11.30 -4.46 5
2.40 -12.64 11
-13.00 -3.62 5
-10.21 -2.42 5
-19.14 -0.76 15
1.40 28.03 26
-0.68 30.09 26
13.17 -19.23 14
-4.51 -15.94 1
23.70 7.62 22
-24.80 4.77 15
-16.82 -7.66 16
5.20 -23.77 27
2.30 -15.31 11
17.34 -1.49 3
17.75 12.01 4
-27.88 4.25 15
1.25 -22.28 8
-3.20 -13.08 11
-7.75 4.83 10
7.97 -23.31 27
1.46 -15.79 11
13.63 12.12 4
-6.42 -3.77 5
20.19 -6.29 3
-27.08 6.02 19
14.42 -15.64 28
23.32 2.90 2
-0.76 21.87 26
1.39 -2.26 18
-27.48 4.68 15
19.40 7.99 22
-19.52 9.34 19
15.09 15.89 4
11.64 -21.65 14
-7.74 -19.55 1
3.38 11.43 23
26.04 9.18 22
14.35 3.20 7
-2.18 -14.92 11
-15.26 -6.46 16
-5.16 -9.98 21
-6.05 -9.69 21
-9.12 -3.96 5
1.99 -9.50 12
-7.42 -18.12 1
-17.13 0.71 15
9.32 2.57 0
23.77 3.23 2
-5.99 -5.45 5
-8.51 -5.28 5
17.58 -7.21 3
-2.29 2.42 10
-0.36 26.17 26
-0.40 -11.84 11
-17.40 -1.22 15
-4.34 -7.00 12
0.40 22.69 26
5.72 -14.60 9
-12.20 -6.62 5
-26.15 6.18 19
26.76 1.87 2
-0.82 14.20 6
5.38 19.60 13
-7.03 -18.98 1
-12.04 2.34 17
-14.58 16.42 20
2.31 18.23 13
6.18 -10.94 9
-16.44 -12.44 16
-25.34 1.86 15
27.29 9.04 22
-5.58 11.01 6
17.91 13.46 4
-1.41 -17.03 11
0.03 -8.90 12
-17.07 10.18 20
2.35 17.62 13
8.38 -15.60 9
-18.05 -13.39 16
-25.85 10.81 19
21.02 1.03 25
-3.93 -10.72 11
17.81 12.42 4
-0.57 -15.91 11
-3.24 -16.09 1
-6.54 12.62 6
-0.97 12.17 6
-18.01 13.72 20
-6.58 4.87 10
-9.23 -10.31 21
17.50 12.58 4
-6.02 -17.39 1
2.97 22.71 13
-16.43 12.22 20
-4.38 -7.94 12
-17.98 11.48 20
-3.16 -10.30 11
27.99 10.21 22
5.35 -22.43 27
-5.91 -16.71 1
-6.03 -20.01 1
-11.49 -26.05 24
8.15 8.70 7
4.91 -16.66 8
-0.77 22.86 26
-0.33 19.39 26
-18.83 -11.24 16
-15.36 -11.00 16
-1.76 -20.59 1
-2.29 -13.51 11
-12.98 -7.26 16
0.52 16.57 13
6.96 -26.44 27
-18.88 -9.17 16
13.79 14.10 4
-26.49 12.19 19
-23.85 -5.61 15
-4.32 -19.02 1
-23.41 -2.77 15
-28.39 6.51 19
26.16 12.67 22
15.60 11.47 4
19.02 12.04 4
19.40 10.94 4
27.36 3.80 2
-17.22 11.30 20
10.00 -17.35 14
8.04 -7.08 9
2.74 13.72 13
-14.43 8.56 17
-6.23 7.74 10
-19.87 -11.64 16
-8.88 -16.23 24
-17.09 -9.14 16
-3.81 11.78 6
-3.45 17.16 6
5.50 -26.84 27
-7.95 -17.07 1
13.51 12.77 4
-23.65 -10.92 16
-19.76 -7.33 16
0.12 -20.34 8
-2.66 -17.00 1
28.98 1.21 2
15.26 11.10 4
-22.98 -1.35 15
10.77 -22.54 14
-22.00 -0.21 15
-19.44 11.25 19
12.42 -19.36 14
-2.24 -18.72 1
17.18 9.56 4
-10.51 -14.78 21
27.80 6.52 2
-23.19 0.95 15
14.62 -7.85 3
29.52 6.81 2
2.57 19.23 13
-3.36 -9.67 12
-23.28 -12.89 16
15.40 13.87 4
-22.32 10.99 19
16.52 11.60 4
13.48 -3.44 3
-8.87 -17.09 24
-0.54 -8.27 12
23.89 6.14 22
29.98 8.01 2
-0.76 -18.78 8
-9.15 -0.40 5
-1.35 -5.60 12
-15.79 -6.11 16
-21.91 -10.79 16
4.83 -1.62 0
-7.52 -21.25 1
-18.63 7.69 19
-3.59 -9.02 12
28.12 9.99 22
1.00 -17.33 8
-4.19 -12.91 11
16.37 1.76 7
-23.35 13.53 19
-2.60 7.39 10
-5.25 -17.64 1
-12.11 8.86 17
-4.56 -13.07 11
3.13 24.09 13
-1.69 1.99 10
-10.98 -5.38 5
-30.26 0.15 15
23.46 11.09 22
-9.57 16.11 6
9.36 0.90 0
-4.62 -18.50 1
2.73 -10.01 12
-20.59 13.90 19
8.28 24.39 13
6.71 -17.12 14
-8.55 0.14 5
-25.85 5.91 19
20.53 17.86 4
-12.56 6.13 17
10.84 2.77 7
-8.85 -17.23 24
1.67 -13.35 11
-21.33 11.62 19
5.24 27.91 13
-2.59 7.19 10
-10.11 -5.57 5
-21.23 6.16 19
18.37 7.27 7
2.01 4.56 10
10.99 8.74 7
-12.69 -18.40 24
2.82 -13.78 11
-20.16 13.43 19
-2.77 28.99 26
-19.35 13.02 20
-4.96 5.04 10
1.33 4.05 10
11.99 8.99 7
-6.08 -4.37 5
9.34 13.65 23
-14.12 11.25 20
-1.52 -14.96 11
-11.74 11.06 20
2.82 -14.03 11
24.55 12.46 22
10.28 -23.55 14
-9.12 -13.02 21
-12.69 -16.02 24
-26.63 4.97 15
-4.09 6.49 10
5.68 -26.88 27
6.45 26.14 13
6.50 25.29 13
-17.76 -0.41 15
-15.16 8.48 17
-10.05 -19.16 24
-0.75 -13.32 11
-12.35 0.92 5
-0.65 24.62 26
1.98 1.71 18
-15.17 1.68 17
16.85 11.89 4
-18.12 -2.92 15
-24.28 6.21 19
-6.33 -19.13 1
-25.50 9.14 19
-28.37 12.04 19
23.41 10.74 22
13.10 11.17 4
13.69 11.25 4
14.91 11.22 4
29.48 6.67 2
-14.78 10.94 20
4.11 -24.45 27
-0.41 13.56 6
5.01 20.33 13
-19.40 13.32 20
8.89 7.57 7
-17.65 -7.71 16
3.03 -6.70 12
-12.68 10.82 20
-1.42 22.16 26
-0.91 22.74 26
4.37 -7.78 12
-8.38 -20.51 1
13.84 4.31 7
-25.11 2.19 15
-10.27 -5.22 5
1.41 -19.97 8
-1.48 -18.48 8
24.75 10.31 22
16.70 4.73 7
-21.81 -8.95 16
2.58 -25.34 27
-23.67 3.35 15
-19.65 13.87 20
7.69 -23.18 27
0.03 -15.41 11
11.78 1.81 7
-6.69 -16.44 1
21.00 13.26 4
-22.60 9.35 19
10.78 -21.91 14
28.84 2.01 2
5.20 26.77 13
10.49 -3.53 0
-26.40 1.39 15
11.43 7.66 7
-18.10 10.85 20
10.42 14.49 23
11.17 -17.89 14
-2.78 -17.48 1
-1.91 -7.30 12
25.20 11.24 22
26.46 11.21 22
0.68 -15.00 11
-13.68 5.59 17
-7.86 -12.76 21
-14.10 -2.61 5
-14.63 -2.81 5
-1.02 13.60 6
-6.66 -18.24 1
-18.88 7.51 19
-11.39 -2.44 5
25.37 9.05 22
4.92 -18.10 8
3.67 -10.91 9
28.63 9.73 22
-10.09 10.81 6
9.25 16.64 23
-3.45 -11.68 11
-7.30 19.96 26
-4.90 -1.39 18
-9.77 -4.82 5
-17.70 5.22 17
18.09 -2.96 3
-12.53 7.07 17
11.70 18.57 23
5.86 -10.89 9
-12.49 4.09 17
-21.45 10.39 19
-3.65 19.20 26
-5.53 4.69 10
-6.51 -4.70 5
-21.39 7.40 19
25.79 -0.54 25
-13.06 12.90 20
9.79 19.85 23
1.69 -10.39 12
-8.00 -0.23 5
-22.96 10.75 19
-1.40 18.15 26
-3.12 -0.83 18
-13.31 -7.33 16
-18.58 1.02 15
25.03 -3.71 25
-8.58 15.24 6
11.26 19.75 23
2.47 -12.90 11
-8.45 0.66 5
-22.17 10.81 19
-0.57 20.74 26
-24.54 13.51 19
-13.94 13.53 20
-13.90 11.85 20
13.18 15.77 23
-8.07 12.23 6
-1.80 21.57 26
-20.60 11.82 19
-4.08 4.62 10
-22.38 13.24 19
-7.09 2.58 10
26.69 0.67 25
-5.13 10.35 6
-3.03 -14.84 11
5.51 -9.54 9
-21.46 3.32 15
-16.68 14.04 20
-6.80 10.71 6
-1.69 22.72 26
-3.80 20.32 26
-15.39 -12.41 16
-12.89 -8.24 16
6.31 -11.25 9
4.22 5.10 10
-13.47 -9.54 16
-5.30 28.62 26
-7.62 10.50 6
-11.38 -11.10 21
10.54 24.78 13
-18.39 3.11 15
-20.05 6.60 19
-0.87 -16.79 11
-23.22 5.12 19
-27.88 5.62 19
23.64 -2.23 25
16.24 16.12 4
10.62 20.21 23
17.13 15.54 4
25.74 -2.53 25
-21.73 13.25 19
-7.34 10.46 6
-6.40 11.72 6
-5.74 24.32 26
-24.93 11.08 19
-3.84 11.02 6
-11.62 -10.73 21
-7.09 0.17 5
-14.39 -9.69 16
-6.61 26.98 26
-0.99 20.70 26
-7.72 14.10 6
-4.61 -11.19 21
14.46 20.70 23
-20.51 3.26 15
-6.52 -1.13 5
-8.57 -0.26 5
-1.50 -13.59 11
26.75 0.98 2
14.13 17.98 23
-22.02 1.00 15
-2.98 0.18 18
-21.33 6.35 19
-19.08 13.22 20
-7.35 6.21 10
-2.35 -11.73 11
14.67 18.66 23
-5.71 -0.94 18
25.10 -4.11 25
-19.42 7.94 19
-5.26 14.22 6
24.41 -4.99 25
-2.48 22.92 26
-14.62 10.85 20
-21.72 0.53 15
17.03 17.17 4
-24.31 10.63 19
18.41 13.48 4
-7.61 4.41 10
1.72 -8.33 12
-14.86 12.21 20
26.75 0.03 25
18.59 -7.40 3
-0.41 -13.05 11
-16.89 -11.11 16
-0.80 2.14 10
-18.47 -8.40 16
-11.10 -10.62 21
-5.30 11.87 6
2.42 -10.43 12
-22.86 13.27 19
-8.68 4.61 17
27.01 -2.30 25
1.34 -1.46 18
-3.42 -8.75 12
27.52 -5.50 25
-16.72 4.56 17
-3.36 19.45 26
2.93 -7.63 12
-20.10 9.39 19
-0.24 -3.71 18
6.66 23.74 13
9.92 -23.71 14
-4.94 -6.35 18
-16.63 -6.70 16
22.25 -1.44 25
3.34 -8.73 12
6.59 -4.52 0
-7.21 -18.74 1
9.87 -5.57 0
0.52 3.32 10
6.62 23.50 13
9.36 -18.77 14
-3.94 2.86 10
-17.57 -5.40 16
24.08 -0.52 25
12.43 -7.51 3
15.30 4.41 7
-8.69 -5.34 5
7.61 19.01 13
17.28 -14.21 28
-4.52 -6.71 18
-23.25 -6.53 16
20.52 -2.14 3
-0.02 -11.06 11
19.13 -4.64 3
-8.08 -21.42 1
2.48 -5.39 12
-5.76 -1.13 18
20.09 4.60 7
-4.11 0.80 18
-3.14 -19.95 1
0.69 -7.61 12
17.24 7.28 7
7.72 -10.17 9
4.03 25.08 13
0.90 -11.69 11
15.11 -6.61 3
-7.25 -18.94 1
3.85 0.41 0
27.29 1.18 2
6.14 -25.56 27
0.18 -17.89 8
-3.23 -14.72 11
-16.51 -25.26 24
1.54 0.46 18
9.22 -23.03 14
15.82 13.03 4
0.44 13.80 6
-7.06 11.36 6
-16.67 -11.01 16
6.39 -8.02 9
2.66 -9.69 12
-4.74 3.02 10
10.61 19.71 23
16.21 -20.22 14
-10.23 -5.03 5
15.88 2.38 7
-12.00 -21.52 24
-13.51 -27.49 24
-7.09 -16.89 1
-7.52 -20.73 1
-13.93 -19.16 24
16.13 -6.30 3
21.32 6.96 22
21.93 1.50 25
17.30 6.92 7
-7.07 -17.96 1
-0.94 -2.17 18
14.35 -22.45 14
1.73 -12.90 11
17.36 15.23 4
-18.15 12.08 20
7.93 -5.84 0
-8.89 -1.01 5
2.61 -7.80 12
2.38 28.80 26
10.42 -22.70 14
0.01 -17.88 8
15.61 6.38 7
-22.66 -9.37 16
-9.16 -9.15 21
4.72 -22.46 27
1.54 -14.14 11
-1.21 -17.01 11
14.40 1.86 7
-16.81 -2.50 16
7.40 -26.31 27
-13.61 -5.15 5
0.40 -13.46 11
8.78 -25.80 27
-9.18 -15.88 24
19.19 6.84 7
7.79 -0.91 0
28.29 4.32 2
-20.62 -5.40 16
6.25 -26.51 27
26.28 -3.04 25
11.19 20.79 23
4.57 -11.49 9
-19.68 -0.11 15
17.87 -1.83 3
-18.95 12.72 20
21.16 -1.82 25
5.07 -24.19 27
8.59 -18.30 14
-0.54 -16.53 11
23.75 0.14 25
16.48 -9.76 28
4.51 -19.19 8
-2.71 -6.87 12
-14.61 -2.62 5
9.91 -6.09 0
-2.21 -13.30 11
-12.42 0.79 5
8.81 -11.41 9
-7.77 -13.98 21
26.68 0.75 25
-1.78 -15.46 11
2.60 20.95 13
8.81 -9.23 9
0.51 -15.78 11
9.61 -11.49 9
-2.48 21.23 26
10.91 -9.20 9
-12.85 -8.22 16
-6.46 2.18 10
14.14 -2.88 3
-5.71 8.73 6
20.42 11.35 22
-3.04 -21.77 1
-10.38 -3.25 5
-22.16 12.47 19
0.02 23.56 26
16.23 -17.06 28
-0.99 -10.68 11
-8.23 -13.92 21
29.10 4.46 2
1.28 3.20 10
15.97 15.21 4
8.70 -13.27 9
-0.78 -9.77 12
-19.50 12.57 20
2.38 20.72 13
11.68 -10.29 9
-7.95 -10.93 21
-4.73 -4.67 18
27.79 5.31 2
8.08 8.66 7
21.57 12.57 22
-0.02 -23.10 8
-5.24 -0.78 18
-16.80 12.32 20
-0.03 23.81 26
-16.53 11.99 20
2.92 1.70 0
1.12 1.28 18
16.06 16.05 4
-2.62 -2.63 18
10.33 20.23 23
-21.67 7.92 19
0.44 5.28 10
-23.12 12.82 19
-0.62 -9.24 12
27.10 2.17 2
9.02 -12.33 9
4.67 -14.44 9
3.76 -15.90 8
-3.79 -21.45 1
2.16 4.79 10
10.69 -20.31 14
1.03 18.43 13
3.49 23.12 13
-5.89 3.23 10
-11.20 -9.87 21
4.50 -18.10 8
-6.77 -11.75 21
-7.07 -2.69 5
9.58 10.59 23
10.31 -16.03 14
-4.26 -2.71 18
19.62 13.14 4
-8.88 -11.84 21
-4.95 -15.45 1
4.25 -17.29 8
-0.03 7.84 10
-7.99 -15.35 1
29.00 -0.24 25
20.81 7.68 22
17.61 11.90 4
13.14 21.84 23
25.16 0.20 25
-18.07 15.33 20
10.23 -18.49 14
-3.69 5.37 10
1.81 16.89 13
-20.01 10.25 19
6.72 12.07 23
-10.19 -13.09 21
-0.17 -1.50 18
-14.56 -9.79 16
4.10 18.32 13
-1.46 18.03 26
12.80 -11.29 28
11.01 -15.77 14
22.85 10.05 22
-15.48 -16.06 24
-9.52 -8.61 21
1.90 -18.38 8
12.67 -18.98 14
23.61 6.09 22
24.11 6.09 22
-19.84 -7.85 16
4.53 -22.65 27
-10.96 -1.07 5
-19.15 12.69 20
17.16 -14.91 28
-0.63 -20.80 8
17.55 14.48 4
0.19 -12.03 11
28.44 12.25 22
-1.46 -3.69 18
12.56 -13.14 28
23.60 3.41 2
10.04 17.00 23
-8.39 12.77 6
-18.68 -3.66 16
24.44 0.58 25
-19.23 5.13 19
15.89 17.01 4
10.50 -14.14 9
-3.12 -23.71 1
-0.92 10.03 6
20.23 2.37 7
26.80 2.23 2
3.35 -19.37 8
-10.18 -10.06 21
0.30 -0.50 18
-6.85 -11.77 21
-7.87 -7.60 21
1.58 11.49 6
3.89 -18.75 8
-16.65 7.94 17
-3.97 14.03 6
28.18 7.78 2
3.55 -17.97 8
0.13 -18.65 8
31.70 2.78 2
-14.61 13.34 20
6.46 20.57 13
10.80 -6.96 9
-4.87 12.42 6
-0.34 6.37 10
