  0.30 -0.03 -0.03 -0.03 -0.03 -0.03 -0.03 -0.03 -0.03 -0.03
 -0.03  0.30 -0.03 -0.03 -0.03 -0.03 -0.03 -0.03 -0.03 -0.03
 -0.03 -0.03  0.30 -0.03 -0.03 -0.03 -0.03 -0.03 -0.03 -0.03
 -0.03 -0.03 -0.03  0.30 -0.03 -0.03 -0.03 -0.03 -0.03 -0.03
 -0.03 -0.03 -0.03 -0.03  0.30 -0.03 -0.03 -0.03 -0.03 -0.03
 -0.03 -0.03 -0.03 -0.03 -0.03  0.30 -0.03 -0.03 -0.03 -0.03
 -0.03 -0.03 -0.03 -0.03 -0.03 -0.03  0.30 -0.03 -0.03 -0.03
 -0.03 -0.03 -0.03 -0.03 -0.03 -0.03 -0.03  0.30 -0.03 -0.03
 -0.03 -0.03 -0.03 -0.03 -0.03 -0.03 -0.03 -0.03  0.30 -0.03
 -0.03 -0.03 -0.03 -0.03 -0.03 -0.03 -0.03 -0.03 -0.03  0.30
